0,421
0,420
0,419
0,418
0,417
0,416
0,415
0,414
0,413
49,3
49,2
0,412
49,1
49,0
0,411
0,410
48,3
48,2
0,409
48,1
48,0
0,408
0,407
0,406
0,386
47,3
47,2
47,1
47,0
46,3
46,2
46,1
46,0
45,3
45,2
45,1
45,0
44,3
44,2
44,1
44,0
43,3
43,2
43,1
43,0
42,3
42,2
42,1
42,0
0,278
40,49
40,48
40,47
40,46
40,45
40,44
40,43
40,42
40,41
40,40
40,39
40,38
40,37
40,36
40,35
41,3
41,2
0,9
41,1
41,0
3,2
10,250
10,79
10,189
10,270
10,95
10,295
10,105
10,1
10,173
10,2
10,3
11,11
11,9
11,6
11,18
11,13
11,14
11,16
11,1
11,4
11,2
11,3
9,5
9,1
9,7
9,2
